1030,-440,18410,-122,-48,232
1004,-464,18334,-121,-54,246
1034,-494,18354,-115,-50,244
1034,-438,18438,-109,-49,247
988,-474,18402,-116,-58,234
1056,-464,18410,-112,-63,243
988,-480,18376,-116,-62,218
1012,-468,18358,-122,-55,235
998,-458,18416,-125,-51,239
1014,-480,18360,-110,-57,221
996,-446,18386,-119,-44,247
1010,-436,18332,-116,-50,247
978,-490,18400,-117,-54,235
978,-486,18298,-115,-54,244
1024,-478,18336,-116,-43,243
954,-458,18414,-118,-51,235
1044,-440,18352,-105,-59,233
1022,-492,18388,-115,-47,224
1014,-476,18318,-117,-46,243
1018,-472,18338,-117,-59,235
994,-458,18370,-122,-56,237
1002,-476,18398,-111,-53,238
1004,-488,18406,-116,-49,242
996,-452,18364,-122,-59,224
1032,-524,18450,-122,-55,223
990,-460,18400,-123,-58,237
996,-446,18352,-113,-48,239
988,-424,18384,-114,-64,240
958,-492,18386,-120,-48,236
1014,-470,18392,-114,-53,229
978,-450,18294,-123,-49,238
966,-462,18394,-110,-52,233
950,-488,18412,-114,-54,235
996,-494,18290,-127,-49,246
982,-486,18388,-111,-57,233
958,-440,18400,-121,-52,247
992,-466,18442,-115,-56,230
970,-484,18378,-116,-67,237
998,-486,18374,-112,-57,233
1006,-462,18454,-117,-52,242
1030,-488,18364,-114,-47,235
1012,-482,18428,-111,-58,238
1026,-438,18338,-115,-64,246
990,-464,18336,-126,-57,234
986,-476,18358,-116,-47,236
992,-466,18334,-116,-57,225
998,-448,18348,-113,-51,237
972,-472,18356,-116,-63,239
988,-430,18368,-118,-51,245
996,-492,18394,-117,-51,233
980,-468,18356,-120,-59,235
992,-478,18354,-120,-55,238
1004,-456,18382,-112,-57,232
962,-462,18356,-123,-48,245
996,-450,18414,-115,-35,241
988,-476,18386,-113,-54,236
984,-476,18364,-112,-54,231
1024,-456,18342,-116,-47,230
1006,-458,18424,-117,-42,232
1002,-486,18342,-112,-57,233
1026,-476,18408,-115,-63,237
980,-456,18346,-116,-56,242
970,-470,18372,-114,-55,226
1016,-522,18434,-111,-60,230
1026,-494,18338,-110,-54,232
1004,-448,18432,-130,-59,234
1008,-470,18392,-117,-37,236
1048,-482,18370,-111,-62,228
978,-482,18324,-104,-58,233
1008,-454,18334,-121,-62,235
986,-422,18402,-109,-59,235
998,-466,18334,-118,-65,245
992,-478,18398,-116,-52,236
1018,-478,18346,-130,-68,237
1006,-480,18382,-123,-65,241
994,-454,18300,-112,-48,240
992,-476,18438,-114,-44,238
998,-520,18388,-110,-52,242
984,-490,18306,-119,-54,239
980,-508,18414,-117,-57,239
1020,-458,18344,-116,-54,247
1018,-448,18376,-111,-47,238
1010,-452,18412,-111,-52,241
990,-474,18302,-109,-59,245
1012,-478,18384,-113,-59,229
1006,-484,18394,-118,-48,234
1036,-472,18346,-123,-60,246
998,-432,18374,-122,-53,240
982,-408,18330,-117,-55,242
948,-458,18348,-117,-62,229
988,-490,18384,-114,-43,235
994,-500,18404,-113,-51,246
984,-460,18402,-117,-58,231
1002,-470,18412,-119,-53,224
958,-456,18336,-115,-46,232
992,-480,18372,-109,-53,229
1040,-454,18298,-124,-47,230
936,-452,18422,-127,-57,222
986,-450,18454,-120,-53,219
992,-466,18338,-117,-71,241
1026,-458,18396,-116,-56,225
986,-454,18428,-108,-62,235
1016,-460,18396,-118,-59,242
986,-482,18378,-121,-50,239
1048,-448,18390,-110,-55,237
960,-458,18356,-117,-58,242
982,-490,18378,-116,-46,247
1026,-434,18408,-119,-56,241
990,-464,18392,-110,-54,238
1026,-468,18354,-116,-56,245
968,-486,18344,-113,-49,246
1000,-474,18398,-109,-67,235
1010,-462,18364,-115,-55,239
980,-468,18328,-111,-48,237
1012,-474,18334,-113,-60,238
1026,-432,18406,-118,-60,235
1026,-464,18308,-120,-60,239
960,-454,18358,-114,-60,235
998,-510,18310,-113,-51,249
1036,-512,18358,-108,-53,238
1008,-444,18400,-114,-40,237
1006,-472,18360,-119,-56,225
1008,-464,18368,-119,-51,229
1018,-518,18400,-115,-51,237
1008,-442,18430,-121,-48,236
972,-474,18342,-116,-57,237
1010,-496,18424,-116,-51,226
1000,-470,18364,-113,-42,232
1042,-484,18404,-114,-57,227
976,-504,18388,-120,-47,252
1026,-448,18354,-118,-46,248
1038,-472,18392,-119,-44,237
1006,-454,18328,-110,-45,240
986,-472,18418,-115,-52,231
952,-488,18388,-117,-54,224
1018,-462,18412,-111,-58,256
1016,-496,18360,-108,-55,251
994,-496,18404,-112,-53,228
1026,-490,18304,-112,-51,233
994,-442,18382,-111,-47,233
1018,-488,18364,-110,-56,241
1020,-494,18414,-122,-53,229
978,-440,18436,-113,-65,238
996,-448,18368,-115,-44,229
990,-436,18466,-119,-51,239
1022,-454,18336,-118,-40,240
1008,-448,18418,-111,-59,239
1006,-446,18372,-112,-41,232
990,-466,18414,-119,-49,230
1034,-480,18452,-119,-61,235
966,-502,18404,-112,-54,234
982,-506,18400,-115,-65,227
994,-466,18344,-113,-56,247
1012,-476,18396,-123,-68,232
976,-460,18390,-123,-51,240
992,-466,18314,-123,-47,227
1010,-482,18380,-113,-58,228
988,-462,18384,-107,-48,223
1048,-496,18354,-117,-56,235
988,-472,18400,-128,-57,245
1014,-460,18406,-114,-54,222
1028,-468,18318,-111,-48,236
1004,-430,18412,-116,-55,232
1040,-422,18346,-117,-49,223
1022,-486,18292,-111,-52,234
988,-460,18394,-122,-45,246
988,-504,18442,-119,-45,243
976,-460,18422,-116,-59,239
1030,-444,18410,-114,-44,234
962,-452,18360,-114,-51,237
1022,-478,18350,-122,-62,237
1012,-486,18342,-126,-50,239
1014,-470,18378,-115,-59,221
1032,-440,18364,-117,-60,233
1012,-470,18420,-112,-46,235
996,-442,18396,-119,-50,227
982,-482,18380,-118,-44,240
1002,-456,18308,-119,-59,246
962,-474,18430,-113,-52,239
982,-468,18308,-114,-48,246
976,-490,18360,-115,-47,231
992,-522,18350,-111,-50,235
1020,-480,18384,-118,-56,238
1008,-446,18382,-117,-57,252
1006,-516,18464,-108,-47,243
1000,-440,18292,-115,-58,237
1024,-458,18392,-107,-57,240
986,-478,18366,-118,-54,240
1016,-458,18332,-114,-44,251
1044,-474,18386,-115,-64,238
986,-450,18366,-114,-62,226
1000,-474,18370,-120,-46,241
1012,-464,18394,-114,-50,223
994,-450,18326,-111,-45,235
988,-458,18316,-113,-54,232
1000,-482,18386,-111,-74,232
996,-442,18366,-112,-47,233
998,-448,18382,-118,-57,244
984,-456,18378,-128,-52,236
990,-476,18466,-106,-57,239
1020,-486,18314,-113,-51,247
998,-434,18318,-102,-62,247
968,-482,18392,-109,-64,238
994,-486,18408,-122,-61,249
962,-442,18430,-114,-55,240
1006,-480,18400,-114,-50,233
990,-484,18356,-112,-47,241
1024,-456,18408,-118,-55,243
1026,-476,18322,-120,-50,228
1018,-488,18334,-114,-45,236
1000,-424,18290,-129,-44,216
960,-474,18408,-110,-57,229
978,-444,18418,-115,-55,232
1040,-464,18354,-116,-51,237
978,-458,18362,-125,-49,247
976,-482,18408,-106,-51,225
1020,-416,18378,-112,-62,228
980,-440,18396,-112,-49,234
1032,-426,18432,-109,-58,248
974,-490,18332,-115,-50,234
984,-410,18414,-114,-51,239
1040,-528,18440,-120,-50,245
1016,-448,18370,-114,-42,234
978,-470,18376,-113,-58,225
1004,-446,18444,-116,-49,241
1020,-490,18420,-126,-53,220
1012,-448,18418,-120,-58,236
952,-468,18362,-112,-55,246
998,-438,18374,-116,-59,224
1012,-458,18404,-105,-64,235
992,-462,18382,-119,-48,237
964,-512,18346,-119,-62,232
998,-426,18406,-108,-59,243
988,-464,18440,-115,-53,238
914,-488,18362,-113,-53,236
982,-498,18452,-115,-46,234
1016,-418,18430,-107,-54,227
1012,-452,18420,-115,-67,252
974,-488,18386,-116,-53,242
1022,-494,18362,-117,-55,236
984,-426,18390,-119,-51,241
1018,-428,18368,-120,-41,242
1008,-460,18370,-108,-69,237
998,-448,18350,-111,-49,233
988,-476,18384,-123,-51,235
988,-470,18306,-117,-57,230
1010,-482,18424,-111,-62,231
1000,-476,18376,-106,-55,229
988,-458,18354,-110,-48,232
1028,-464,18360,-114,-50,229
1012,-442,18434,-117,-47,242
1022,-428,18356,-122,-57,229
1014,-454,18366,-114,-52,235
1002,-434,18376,-114,-55,238
1022,-444,18406,-111,-55,234
968,-460,18336,-107,-48,236
1008,-460,18402,-105,-50,251
1006,-496,18384,-114,-53,241
976,-468,18418,-115,-43,236
1008,-488,18342,-114,-64,239
1010,-468,18402,-117,-49,216
992,-504,18338,-120,-57,238
1024,-424,18364,-109,-56,230
1004,-402,18312,-123,-60,244
986,-470,18328,-116,-56,240
1002,-466,18392,-111,-51,226
1036,-484,18392,-121,-53,230
1032,-462,18360,-119,-51,226
974,-460,18388,-115,-51,239
1018,-448,18346,-125,-57,232
972,-468,18290,-109,-42,241
1042,-450,18396,-112,-53,237
1024,-456,18364,-114,-53,235
976,-404,18370,-120,-51,233
986,-442,18428,-123,-63,231
974,-468,18370,-117,-41,231
978,-482,18376,-115,-47,226
1034,-494,18340,-112,-54,233
1004,-488,18344,-117,-64,231
1028,-470,18406,-114,-49,237
990,-450,18370,-111,-53,234
1018,-468,18384,-112,-38,233
1002,-474,18306,-118,-53,237
970,-442,18396,-111,-45,228
992,-514,18380,-112,-50,234
994,-458,18388,-119,-59,239
966,-466,18382,-102,-42,242
1008,-466,18372,-123,-58,240
966,-488,18444,-119,-51,240
976,-466,18344,-120,-54,234
1018,-452,18350,-119,-46,227
1014,-472,18422,-119,-47,234
1010,-468,18344,-118,-45,242
1024,-492,18346,-110,-57,240
1038,-504,18350,-124,-47,233
1008,-462,18418,-119,-45,231
1002,-464,18334,-113,-45,247
976,-400,18368,-115,-52,242
1012,-502,18320,-105,-63,234
988,-488,18398,-120,-47,234
1024,-474,18398,-111,-48,232
1012,-462,18398,-112,-55,237
1000,-500,18394,-119,-53,235
1002,-476,18358,-107,-65,229
996,-462,18310,-114,-49,235
1000,-470,18420,-116,-57,246
994,-470,18350,-115,-60,251
990,-492,18412,-115,-50,236
1002,-478,18394,-116,-56,233
964,-496,18312,-118,-50,239
988,-462,18388,-129,-58,236
992,-450,18406,-108,-60,228
988,-470,18302,-112,-51,226
972,-422,18386,-116,-56,234
1016,-504,18428,-118,-51,225
1016,-470,18330,-109,-48,233
1022,-468,18338,-108,-52,235
996,-430,18470,-123,-43,251
978,-458,18336,-109,-47,233
990,-498,18362,-112,-52,230
976,-450,18438,-104,-63,237
1032,-466,18332,-117,-51,240
1030,-452,18412,-118,-53,229
976,-470,18376,-116,-52,237
1034,-492,18366,-107,-51,238
992,-460,18398,-120,-58,236
1012,-506,18388,-124,-61,241
990,-496,18420,-125,-53,239
1012,-506,18356,-114,-67,245
986,-448,18332,-113,-56,232
1012,-474,18312,-116,-51,235
1000,-458,18382,-110,-54,218
996,-494,18326,-113,-52,243
1016,-440,18358,-113,-56,233
1024,-466,18384,-121,-61,236
1000,-502,18286,-113,-48,235
990,-498,18386,-107,-51,232
984,-494,18346,-121,-52,223
992,-470,18418,-110,-47,228
976,-412,18372,-118,-60,234
1010,-474,18376,-112,-52,238
1046,-428,18388,-123,-47,231
1026,-472,18316,-112,-43,241
1000,-468,18386,-112,-38,242
996,-480,18422,-122,-53,222
980,-480,18420,-117,-51,230
998,-494,18354,-115,-48,222
1062,-480,18462,-116,-59,227
972,-448,18376,-122,-47,225
972,-440,18374,-121,-52,236
970,-474,18310,-100,-52,247
1014,-454,18378,-122,-64,231
966,-442,18426,-101,-53,225
986,-472,18408,-121,-63,235
992,-448,18404,-117,-57,238
984,-460,18438,-111,-44,221
1006,-420,18380,-116,-58,235
966,-484,18396,-110,-56,245
998,-450,18298,-115,-64,231
994,-442,18366,-124,-53,235
1022,-470,18376,-112,-49,233
978,-444,18358,-114,-54,238
994,-470,18398,-108,-55,226
1014,-460,18402,-116,-59,234
970,-468,18336,-114,-55,240
960,-440,18338,-113,-53,227
966,-464,18394,-117,-51,240
958,-490,18412,-118,-49,238
1048,-470,18448,-114,-56,223
960,-474,18412,-112,-47,242
1026,-512,18350,-121,-56,244
954,-462,18350,-119,-52,234
1002,-450,18280,-112,-52,236
1048,-528,18460,-122,-59,245
1032,-428,18370,-115,-57,229
1014,-482,18360,-115,-57,237
1016,-470,18386,-110,-57,236
992,-450,18422,-115,-52,234
970,-478,18330,-106,-43,243
998,-460,18288,-120,-57,241
974,-472,18318,-118,-55,230
1010,-470,18356,-116,-54,227
992,-486,18366,-112,-60,237
1000,-462,18394,-119,-58,249
1008,-456,18350,-121,-50,244
1034,-486,18434,-118,-60,232
1038,-472,18350,-114,-52,228
1024,-450,18366,-111,-46,226
974,-496,18364,-120,-48,235
1020,-466,18378,-119,-60,236
1054,-476,18326,-117,-51,242
974,-478,18430,-118,-65,249
1012,-482,18312,-116,-52,231
1044,-432,18314,-121,-57,242
1036,-498,18270,-110,-65,243
986,-514,18368,-111,-53,231
984,-438,18344,-116,-49,243
1002,-444,18312,-110,-56,237
978,-454,18314,-113,-52,235
1014,-436,18368,-116,-44,243
1006,-452,18342,-106,-48,227
1048,-460,18440,-111,-60,226
1010,-464,18438,-115,-53,236
964,-480,18412,-111,-46,238
1052,-522,18366,-112,-44,245
998,-468,18298,-114,-62,247
1030,-456,18416,-117,-51,233
996,-448,18404,-118,-60,233
1016,-442,18374,-115,-47,249
964,-476,18338,-111,-62,218
986,-464,18362,-115,-56,240
1004,-454,18336,-118,-51,237
1010,-458,18368,-121,-54,213
982,-436,18392,-117,-50,230
1018,-472,18370,-113,-62,241
1046,-432,18434,-117,-51,247
996,-470,18386,-110,-64,241
966,-438,18386,-117,-57,246
998,-480,18340,-112,-63,250
984,-490,18366,-120,-51,240
1016,-468,18402,-119,-53,228
960,-464,18332,-119,-57,248
1002,-476,18384,-103,-59,246
1022,-446,18346,-119,-52,238
1024,-468,18404,-126,-46,228
1034,-468,18356,-118,-50,244
1016,-436,18360,-115,-61,246
982,-452,18462,-107,-54,234
1002,-486,18338,-113,-53,237
976,-452,18398,-122,-46,246
1022,-450,18400,-106,-65,238
1010,-428,18432,-122,-48,235
996,-482,18394,-120,-40,225
1012,-474,18352,-107,-57,243
1000,-490,18354,-115,-45,228
1000,-456,18322,-113,-52,239
1008,-438,18274,-117,-51,237
994,-474,18362,-116,-43,244
994,-432,18396,-110,-62,238
1008,-498,18410,-113,-56,227
1004,-494,18426,-121,-55,234
1036,-460,18382,-115,-52,230
1008,-440,18328,-120,-59,233
1012,-480,18344,-108,-64,241
996,-502,18350,-121,-43,234
978,-404,18386,-114,-51,240
966,-444,18328,-106,-50,236
1006,-522,18396,-109,-47,224
1016,-504,18376,-120,-50,230
996,-450,18428,-116,-47,248
1020,-470,18370,-118,-47,236
998,-496,18390,-109,-52,238
994,-470,18380,-117,-58,246
1002,-438,18312,-114,-47,243
1020,-466,18374,-119,-50,234
992,-492,18388,-112,-49,236
1022,-470,18392,-117,-46,243
1006,-436,18364,-116,-50,254
988,-486,18406,-112,-41,242
960,-480,18366,-107,-60,234
992,-426,18414,-117,-60,236
998,-458,18278,-111,-55,239
982,-460,18366,-116,-50,233
1030,-430,18446,-117,-64,231
960,-422,18378,-121,-66,234
996,-476,18346,-116,-59,234
984,-462,18368,-111,-61,238
1040,-454,18376,-113,-58,230
998,-458,18390,-108,-48,242
1016,-440,18382,-113,-49,220
1002,-488,18348,-121,-52,229
992,-478,18358,-111,-53,233
996,-434,18376,-107,-51,241
952,-484,18364,-122,-50,228
962,-478,18346,-108,-47,214
1028,-462,18466,-111,-50,245
1034,-462,18322,-114,-60,226
990,-456,18370,-117,-56,232
988,-450,18414,-113,-56,231
982,-480,18364,-113,-50,240
972,-450,18424,-122,-46,228
1054,-406,18368,-120,-56,227
994,-484,18366,-118,-62,239
984,-454,18370,-116,-49,238
978,-436,18338,-117,-49,243
992,-450,18392,-110,-45,244
1032,-470,18374,-112,-63,236
990,-466,18424,-116,-55,235
1020,-494,18360,-111,-46,238
1006,-474,18342,-114,-44,223
966,-428,18388,-122,-46,235
982,-422,18432,-110,-48,236
960,-472,18386,-115,-52,230
1006,-478,18354,-117,-52,223
988,-500,18392,-108,-55,226
996,-468,18306,-113,-45,243
1000,-484,18362,-113,-54,233
942,-514,18402,-106,-66,236
1050,-432,18328,-118,-61,229
984,-436,18332,-114,-55,237
1014,-476,18410,-119,-51,236
1008,-418,18376,-120,-58,230
950,-456,18352,-112,-55,236
1026,-468,18424,-120,-51,233
974,-428,18378,-116,-52,245
974,-480,18372,-121,-52,242
998,-488,18370,-118,-51,238
990,-470,18310,-112,-52,232
998,-456,18338,-109,-54,247
986,-460,18310,-110,-52,240
986,-444,18438,-123,-56,230
1018,-466,18342,-120,-49,225
972,-478,18348,-106,-56,245
1060,-470,18362,-117,-64,236
1014,-450,18378,-118,-54,245
1016,-470,18364,-118,-56,242
1012,-490,18426,-122,-58,239
1014,-454,18338,-119,-48,232
956,-496,18350,-121,-45,232
980,-472,18414,-113,-42,226
996,-472,18350,-121,-60,236
1014,-446,18386,-125,-58,237
1008,-452,18348,-111,-43,237
1036,-474,18392,-110,-60,245
1018,-492,18410,-109,-57,241
1014,-438,18350,-118,-49,232
1010,-436,18392,-116,-67,219
1030,-474,18398,-115,-51,235
1038,-468,18372,-114,-48,243
996,-470,18414,-113,-53,228
1006,-458,18392,-112,-47,230
978,-496,18394,-106,-57,221
1032,-518,18370,-114,-46,235
988,-462,18412,-119,-54,226
980,-490,18394,-108,-41,224
1022,-470,18434,-107,-46,228
996,-492,18340,-113,-47,224
1018,-468,18370,-116,-53,242
972,-474,18394,-111,-52,254
976,-442,18344,-120,-45,229
1006,-472,18408,-112,-47,238
1052,-474,18404,-119,-49,240
1004,-484,18316,-111,-51,233
998,-456,18388,-122,-56,227
1028,-476,18408,-114,-55,229
996,-462,18436,-117,-56,238
1022,-450,18352,-109,-59,229
1006,-480,18384,-117,-58,236
982,-442,18438,-113,-49,239
1028,-474,18392,-115,-58,243
998,-472,18380,-107,-57,241
1000,-462,18332,-117,-47,241
994,-440,18370,-112,-52,235
1020,-458,18336,-105,-61,235
988,-470,18388,-115,-38,239
978,-488,18416,-111,-55,232
1026,-488,18430,-114,-44,232
976,-458,18384,-117,-57,231
1040,-446,18342,-117,-59,234
984,-434,18400,-114,-53,235
1012,-446,18336,-112,-44,230
970,-448,18358,-124,-60,242
1020,-508,18374,-118,-47,230
992,-462,18378,-116,-56,224
960,-466,18402,-112,-54,231
958,-462,18306,-112,-55,238
988,-456,18372,-109,-52,238
1006,-502,18394,-115,-53,223
994,-422,18380,-112,-57,238
1002,-446,18408,-108,-48,234
1018,-462,18362,-110,-46,235
1010,-474,18424,-115,-56,238
1012,-468,18398,-120,-46,232
1020,-488,18376,-117,-50,220
974,-466,18316,-121,-50,238
998,-456,18392,-115,-62,223
994,-496,18358,-115,-48,248
1006,-440,18374,-116,-50,237
1028,-476,18380,-108,-50,228
978,-448,18414,-112,-53,230
1020,-472,18382,-122,-55,226
1000,-494,18382,-120,-51,245
958,-494,18406,-111,-47,235
976,-510,18282,-114,-53,222
992,-468,18358,-115,-55,235
1008,-422,18380,-122,-55,240
1030,-440,18380,-122,-56,241
1010,-472,18394,-112,-54,217
982,-490,18398,-119,-48,236
960,-440,18368,-108,-51,238
986,-466,18360,-114,-42,235
980,-470,18420,-107,-62,237
1002,-464,18392,-117,-45,240
994,-450,18354,-121,-56,235
952,-476,18364,-116,-58,236
1018,-452,18338,-118,-52,230
994,-444,18372,-109,-55,236
1050,-474,18392,-119,-66,226
1008,-456,18350,-113,-63,250
984,-506,18350,-117,-48,230
956,-436,18322,-120,-56,230
994,-454,18448,-109,-52,230
970,-430,18392,-121,-44,242
980,-432,18422,-114,-59,238
948,-450,18340,-124,-59,240
988,-480,18368,-111,-50,246
1046,-464,18326,-105,-50,238
1078,-474,18344,-111,-54,238
966,-460,18390,-120,-59,232
1000,-456,18270,-120,-52,237
1042,-458,18406,-122,-56,240
1016,-434,18412,-110,-52,234
956,-454,18364,-120,-53,245
994,-458,18370,-116,-51,230
966,-460,18364,-112,-54,238
1026,-460,18340,-116,-53,224
1004,-444,18386,-113,-60,245
1026,-454,18390,-109,-61,232
978,-472,18366,-111,-59,228
946,-482,18424,-118,-59,225
970,-460,18330,-110,-60,228
956,-438,18330,-117,-48,223
1026,-524,18370,-111,-57,236
984,-426,18430,-118,-51,227
1016,-448,18362,-112,-46,230
1004,-454,18378,-115,-52,233
1024,-490,18308,-115,-62,237
1012,-494,18340,-109,-59,231
1002,-458,18362,-109,-60,227
990,-460,18322,-113,-60,226
1006,-476,18440,-111,-63,234
1006,-466,18378,-119,-62,224
1006,-440,18380,-115,-64,225
1024,-478,18322,-119,-49,219
1008,-454,18396,-116,-49,234
1044,-468,18368,-122,-57,234
998,-452,18332,-114,-55,249
1022,-476,18368,-118,-48,234
988,-400,18338,-113,-56,220
966,-450,18364,-112,-42,237
1016,-488,18382,-110,-51,232
1018,-452,18372,-120,-52,231
1000,-460,18386,-120,-43,234
1012,-456,18434,-120,-62,246
1012,-470,18328,-105,-55,217
956,-474,18352,-111,-40,216
980,-498,18430,-112,-48,241
1006,-472,18430,-123,-50,225
1018,-472,18400,-110,-49,228
998,-424,18348,-122,-48,230
1006,-454,18374,-118,-54,231
1028,-476,18348,-122,-53,232
1026,-452,18442,-113,-52,233
1010,-472,18392,-121,-64,231
1022,-448,18370,-118,-53,243
1030,-440,18378,-123,-58,224
978,-476,18382,-112,-60,232
988,-452,18346,-115,-47,243
1012,-444,18326,-115,-60,247
1006,-462,18352,-114,-52,243
1030,-444,18396,-112,-60,234
1032,-496,18344,-115,-59,235
1022,-478,18402,-109,-47,235
1022,-430,18418,-119,-47,237
1022,-446,18342,-109,-61,237
1018,-490,18370,-116,-61,242
1022,-478,18398,-112,-53,239
984,-460,18346,-115,-55,236
1004,-478,18368,-115,-49,235
982,-468,18392,-113,-62,234
1012,-498,18404,-114,-55,232
984,-458,18396,-111,-47,228
1004,-464,18420,-111,-43,238
992,-464,18356,-122,-54,244
1036,-488,18440,-116,-42,240
992,-494,18390,-121,-53,238
1032,-428,18358,-114,-42,229
1030,-466,18388,-118,-52,241
952,-442,18352,-108,-40,244
1008,-496,18426,-110,-60,235
1036,-480,18320,-108,-65,239
1032,-456,18394,-126,-58,230
986,-432,18368,-123,-39,235
1024,-432,18356,-116,-59,229
992,-470,18312,-118,-55,237
1000,-442,18360,-112,-64,232
1032,-484,18444,-112,-50,243
974,-450,18356,-116,-44,230
980,-496,18398,-115,-50,241
982,-486,18356,-112,-58,230
1032,-488,18362,-110,-54,233
964,-410,18362,-100,-62,231
1000,-454,18346,-103,-47,241
964,-464,18364,-118,-47,251
1030,-472,18306,-116,-54,238
998,-456,18434,-119,-59,226
964,-470,18352,-117,-54,238
1002,-464,18368,-112,-55,246
1030,-452,18356,-116,-56,232
974,-492,18404,-115,-53,230
962,-482,18392,-114,-57,244
1010,-430,18348,-122,-49,227
986,-444,18312,-121,-56,238
970,-536,18422,-112,-57,244
1030,-478,18392,-110,-52,238
1054,-498,18418,-115,-53,226
1016,-504,18358,-122,-44,234
994,-512,18400,-117,-43,232
1000,-494,18306,-112,-58,227
998,-498,18378,-112,-55,258
1016,-456,18340,-113,-58,221
958,-492,18354,-115,-58,238
1018,-422,18424,-116,-53,230
978,-504,18382,-121,-44,236
984,-476,18340,-127,-62,228
990,-456,18388,-123,-46,230
976,-490,18324,-107,-46,231
1022,-446,18412,-116,-53,229
1022,-416,18440,-112,-44,233
994,-442,18458,-118,-41,248
996,-462,18420,-115,-61,241
1012,-492,18346,-115,-50,235
1012,-458,18392,-113,-64,253
972,-450,18392,-109,-39,248
1042,-484,18388,-116,-49,251
1058,-468,18356,-116,-48,229
1014,-486,18392,-110,-57,231
984,-466,18402,-114,-54,236
1032,-448,18354,-113,-47,224
974,-486,18338,-125,-47,229
1040,-450,18358,-115,-45,236
984,-464,18364,-114,-58,241
1008,-480,18392,-116,-56,230
1036,-502,18388,-112,-46,225
1000,-430,18386,-116,-57,236
1006,-430,18432,-125,-60,229
1030,-448,18364,-115,-62,236
1014,-430,18354,-116,-50,233
992,-488,18476,-123,-53,225
978,-502,18432,-114,-58,230
1000,-446,18426,-119,-41,243
1000,-428,18438,-112,-57,238
1004,-476,18362,-119,-58,229
990,-506,18392,-119,-52,227
980,-482,18328,-109,-56,237
992,-492,18372,-116,-53,247
1030,-482,18350,-103,-50,224
1010,-470,18386,-120,-58,235
-2766,-1846,32767,-969,-3491,68
3824,-1176,11670,-2594,6242,-584
194,390,15220,-496,512,417
-122,134,17010,-158,192,189
792,320,14544,210,150,266
1404,-1372,21784,-208,-230,215
1360,252,19210,-168,-104,241
1002,-1596,19060,-229,-155,277
1070,464,17836,-189,-131,215
932,-800,17780,-130,-22,277
804,-278,17578,-79,-82,186
986,-354,18458,-52,24,267
1116,-872,18852,-126,-105,216
950,-102,18590,-130,-31,227
892,-906,18570,-162,-102,254
1094,-34,18160,-109,-55,209
1008,-554,18210,-127,-47,267
866,-470,18090,-99,-51,219
948,-312,18388,-106,-34,258
1052,-670,18390,-125,-75,240
1028,-334,18370,-114,-24,232
978,-730,18462,-122,-64,253
1006,-242,18246,-109,-52,226
1026,-498,18440,-123,-65,245
986,-516,18352,-117,-61,225
1066,-388,18394,-123,-53,249
1002,-594,18262,-129,-53,225
922,-344,18384,-109,-35,221
992,-556,18442,-122,-66,242
1044,-366,18278,-107,-58,232
922,-506,18452,-114,-52,243
998,-488,18324,-114,-50,235
1090,-388,18410,-111,-56,240
1004,-500,18434,-124,-61,243
986,-364,18430,-108,-53,237
1024,-538,18342,-118,-56,237
1050,-420,18294,-118,-52,231
946,-522,18358,-111,-48,243
944,-432,18410,-115,-55,226
1042,-388,18376,-118,-57,218
958,-536,18414,-116,-54,224
1028,-410,18358,-115,-60,245
1020,-474,18342,-111,-56,238
942,-442,18258,-109,-57,239
986,-556,18320,-122,-54,233
992,-460,18348,-108,-47,247
1016,-458,18362,-122,-45,234
952,-468,18308,-108,-54,218
998,-432,18358,-117,-41,246
978,-450,18340,-104,-48,229
1034,-430,18336,-122,-48,219
998,-518,18350,-122,-58,238
1048,-462,18322,-121,-61,224
982,-488,18370,-114,-54,221
1002,-502,18322,-121,-50,239
992,-406,18380,-114,-57,239
1040,-478,18388,-115,-65,245
996,-470,18398,-121,-58,255
952,-496,18302,-122,-54,225
1016,-458,18314,-111,-58,225
956,-456,18372,-114,-56,240
1002,-484,18424,-114,-54,227
1002,-452,18374,-116,-49,236
1004,-486,18410,-115,-44,231
1040,-456,18432,-118,-46,230
960,-466,18376,-117,-52,220
996,-476,18392,-119,-52,236
980,-476,18434,-112,-62,234
970,-478,18364,-112,-48,234
996,-450,18398,-111,-54,238
994,-462,18370,-115,-51,245
1000,-494,18388,-115,-51,238
1026,-454,18374,-118,-48,224
1018,-510,18338,-107,-52,228
960,-456,18396,-121,-55,227
966,-512,18350,-112,-44,239
978,-434,18430,-117,-61,249
990,-488,18422,-109,-59,231
948,-422,18386,-119,-47,240
984,-442,18368,-116,-50,238
998,-482,18374,-112,-53,235
994,-492,18288,-117,-65,248
1000,-462,18382,-120,-53,236
1070,-480,18356,-116,-51,243
964,-458,18294,-112,-49,243
1030,-486,18342,-111,-59,244
1018,-476,18388,-114,-48,238
1002,-434,18424,-111,-57,248
972,-462,18340,-112,-57,234
1026,-512,18338,-116,-58,252
982,-442,18390,-116,-48,238
958,-432,18402,-111,-58,223
1010,-434,18326,-102,-66,229
980,-514,18298,-114,-48,236
980,-478,18300,-107,-54,237
1000,-484,18408,-125,-58,240
1018,-498,18334,-106,-55,235
966,-464,18388,-114,-58,242
1036,-482,18384,-110,-51,238
1016,-448,18342,-114,-59,241
974,-472,18386,-117,-51,241
1024,-454,18428,-123,-64,236
1032,-480,18422,-109,-46,243
954,-458,18314,-108,-46,256
980,-518,18292,-114,-44,238
3372,-1704,25682,16,-3285,71
-316,18,16918,-1441,-3265,240
2192,168,15340,-390,-724,282
-338,-676,15442,-226,99,177
246,364,17754,11,231,308
1486,-1168,19394,-66,-195,172
1226,354,18836,-90,-42,250
1028,-1540,19210,-178,-91,251
918,254,18122,-189,-170,212
1030,-710,17934,-120,-3,292
944,-396,17810,-117,-116,192
954,-350,17964,-69,29,260
1010,-846,18762,-110,-80,217
1042,-42,18468,-122,-25,232
932,-1012,18782,-149,-79,254
1008,-138,18238,-123,-84,218
1002,-486,18260,-120,-46,258
920,-440,18224,-116,-81,219
940,-416,18286,-97,-22,254
1046,-624,18502,-106,-76,248
994,-258,18282,-108,-34,244
908,-754,18552,-130,-57,249
1068,-320,18244,-126,-59,232
1070,-484,18398,-118,-37,251
918,-474,18338,-120,-64,235
958,-404,18406,-114,-39,251
1008,-576,18472,-118,-70,241
968,-356,18310,-107,-37,232
958,-608,18410,-114,-57,254
1048,-314,18282,-111,-60,224
992,-540,18440,-107,-51,249
948,-490,18418,-106,-60,233
1038,-350,18342,-115,-46,238
988,-460,18430,-119,-70,243
936,-406,18364,-117,-57,221
1016,-578,18410,-124,-51,236
1000,-338,18392,-108,-56,233
988,-520,18348,-117,-38,239
1020,-468,18412,-110,-56,235
1006,-446,18372,-116,-51,249
1014,-510,18346,-112,-56,227
946,-406,18340,-112,-69,242
1080,-484,18392,-115,-55,240
1034,-448,18340,-115,-46,242
954,-530,18358,-114,-53,236
954,-444,18406,-111,-54,244
1002,-430,18330,-108,-66,238
1008,-500,18350,-125,-53,239
968,-450,18354,-120,-54,228
962,-456,18410,-117,-54,229
990,-418,18340,-121,-58,236
1006,-546,18388,-118,-49,234
984,-450,18388,-113,-56,239
1046,-436,18300,-116,-52,242
972,-446,18374,-112,-46,223
1012,-458,18380,-114,-55,235
998,-490,18382,-115,-55,221
1006,-442,18380,-115,-52,235
956,-482,18434,-113,-44,236
960,-462,18384,-103,-45,226
976,-458,18404,-105,-76,234
960,-504,18378,-112,-63,236
1022,-416,18404,-115,-55,233
1006,-476,18398,-117,-52,228
978,-494,18326,-124,-56,233
994,-476,18398,-119,-57,240
974,-488,18312,-115,-51,234
974,-464,18402,-114,-62,231
944,-496,18362,-117,-49,229
976,-442,18400,-119,-52,237
1002,-466,18366,-117,-62,232
994,-448,18356,-126,-51,244
988,-456,18378,-124,-59,236
990,-420,18406,-127,-50,233
1014,-460,18316,-112,-44,240
988,-468,18358,-122,-52,232
998,-466,18384,-115,-46,236
1022,-438,18366,-121,-57,237
980,-418,18388,-121,-57,231
1010,-502,18384,-121,-52,243
952,-478,18346,-113,-69,228
996,-456,18380,-115,-50,234
972,-460,18372,-117,-61,237
1022,-474,18390,-116,-52,231
984,-502,18412,-110,-58,218
996,-442,18314,-115,-56,237
966,-468,18388,-112,-55,236
966,-416,18388,-108,-54,230
1026,-434,18342,-125,-56,228
986,-488,18420,-116,-52,250
952,-446,18390,-112,-52,231
1008,-480,18314,-121,-52,235
998,-482,18372,-108,-64,227
970,-466,18442,-116,-63,231
992,-456,18372,-113,-57,245
986,-484,18388,-120,-49,248
1022,-438,18350,-117,-60,231
1002,-484,18384,-129,-58,222
1036,-452,18426,-125,-57,229
990,-466,18380,-112,-52,256
984,-448,18346,-106,-45,236
1044,-474,18438,-117,-57,241
1024,-448,18340,-114,-52,230
946,-418,18414,-120,-57,230
986,-464,18348,-117,-61,239
998,-454,18414,-113,-38,220
1020,-484,18316,-115,-56,233
992,-428,18436,-125,-49,240
1032,-430,18412,-110,-56,230
1014,-436,18386,-113,-64,237
996,-466,18456,-119,-62,230
976,-472,18428,-118,-52,224
982,-452,18366,-114,-49,228
1004,-452,18392,-110,-64,227
1016,-424,18314,-113,-58,233
984,-482,18376,-116,-50,241
1026,-476,18364,-108,-50,235
968,-488,18408,-118,-55,234
976,-492,18368,-113,-66,231
980,-488,18386,-119,-61,230
990,-486,18372,-112,-53,226
986,-446,18460,-112,-52,218
1002,-490,18334,-112,-56,239
1030,-446,18418,-116,-49,228
1002,-452,18376,-107,-54,234
1008,-442,18404,-116,-45,237
944,-470,18292,-118,-47,237
1004,-474,18394,-110,-58,238
1036,-488,18358,-109,-57,228
994,-474,18352,-123,-52,235
958,-454,18386,-123,-43,244
990,-448,18382,-112,-49,231
1014,-462,18410,-115,-54,225
984,-494,18332,-126,-54,251
